3648            
4               
11              
0               
0               
11              
17408           
0               
0               
0               
1025            
32              
2               
6               
0               
1               

// Volume Independent Parameters
1               
0               
0               
0               
0               
0               
0               
0               
0               
1               
20              
4               
100             
10000           
-96             
-26             
-6              
0               
0               
-96             
-26             
-26             
-23             
0               
1               
12              
32              
32              
32              
32              
32              
32              
32              
32              
32              
31              
30              
29              
27              
25              
25              
24              
23              
22              
23              
22              
23              
24              
24              
25              
25              
25              
24              
23              
22              
22              
22              
23              
23              
24              
25              
24              
25              
25              
25              
25              
25              
24              
24              
24              
23              
23              
23              
24              
25              
25              
24              
23              
23              
22              
22              
22              
22              
22              
22              
22              
22              
22              
22              
22              
21              
21              
21              
20              
20              
20              
21              
21              
21              
20              
19              
19              
19              
19              
19              
19              
19              
19              
18              
18              
18              
19              
19              
19              
19              
19              
18              
19              
19              
20              
21              
21              
22              
22              
22              
21              
21              
21              
22              
22              
22              
22              
22              
22              
22              
22              
22              
21              
21              
21              
20              
20              
19              
19              
19              
19              
19              
18              
18              
19              
19              
19              
19              
19              
19              
19              
19              
19              
18              
18              
17              
17              
17              
16              
16              
16              
16              
16              
16              
16              
16              
16              
16              
16              
15              
15              
15              
15              
15              
15              
15              
15              
15              
15              
14              
14              
14              
14              
14              
14              
13              
13              
13              
14              
14              
14              
13              
13              
13              
13              
13              
13              
13              
13              
13              
12              
12              
12              
12              
12              
11              
11              
11              
11              
11              
10              
10              
10              
10              
10              
9               
9               
9               
9               
9               
9               
8               
8               
8               
8               
8               
8               
8               
8               
8               
8               
8               
8               
7               
7               
7               
7               
6               
6               
6               
6               
6               
6               
6               
6               
5               
5               
5               
5               
5               
5               
5               
5               
5               
5               
5               
5               
5               
4               
4               
4               
4               
4               
4               
4               
4               
4               
4               
4               
3               
3               
3               
3               
3               
3               
3               
3               
3               
3               
3               
3               
3               
3               
2               
2               
2               
2               
2               
2               
2               
2               
2               
2               
2               
2               
2               
2               
3               
3               
3               
3               
3               
3               
3               
3               
3               
3               
3               
3               
3               
4               
4               
4               
4               
4               
4               
4               
4               
4               
4               
4               
4               
4               
5               
5               
5               
5               
5               
5               
5               
6               
6               
6               
6               
7               
7               
7               
7               
7               
7               
7               
7               
7               
8               
8               
8               
8               
8               
8               
8               
8               
9               
9               
9               
9               
9               
10              
10              
10              
10              
10              
10              
11              
11              
11              
11              
11              
12              
12              
13              
13              
13              
13              
13              
13              
13              
13              
13              
13              
14              
14              
13              
13              
13              
13              
13              
13              
12              
12              
13              
13              
13              
13              
13              
13              
13              
13              
14              
14              
14              
14              
14              
15              
15              
15              
15              
15              
15              
15              
15              
15              
15              
16              
16              
16              
16              
17              
17              
17              
17              
18              
18              
18              
18              
18              
18              
18              
18              
18              
18              
18              
18              
17              
17              
18              
18              
18              
18              
18              
18              
18              
18              
19              
20              
20              
20              
21              
21              
21              
22              
22              
23              
24              
23              
24              
23              
24              
24              
24              
24              
25              
25              
25              
25              
25              
25              
26              
26              
27              
28              
28              
28              
27              
27              
27              
27              
27              
27              
28              
28              
28              
28              
28              
28              
28              
27              
28              
28              
28              
28              
28              
29              
30              
30              
29              
29              
28              
28              
28              
28              
28              
28              
28              
28              
28              
28              
27              
27              
26              
26              
26              
25              
25              
25              
25              
25              
25              
25              
24              
24              
23              
23              
23              
23              
23              
22              
22              
22              
22              
22              
22              
21              
21              
22              
21              
20              
20              
21              
22              
22              
23              
23              
23              
24              
24              
23              
21              
21              
20              
19              
18              
17              
16              
15              
14              
13              
13              
13              
13              
12              
12              
12              
12              
11              
10              
9               
9               
8               
7               
7               
6               
5               
5               
4               
4               
4               
3               
3               
3               
3               
3               
3               
3               
3               
3               
3               
3               
3               
3               
3               
3               
3               
3               
3               
3               
3               
3               
3               
3               
11              
11              
32              
32              
32              
32              
32              
32              
32              
32              
32              
30              
30              
29              
28              
26              
26              
25              
24              
23              
24              
24              
25              
25              
26              
26              
25              
24              
24              
24              
23              
22              
22              
22              
22              
23              
23              
23              
24              
24              
23              
22              
22              
21              
21              
21              
21              
21              
22              
22              
23              
24              
24              
24              
24              
23              
24              
24              
24              
25              
25              
25              
25              
24              
24              
23              
23              
23              
22              
22              
22              
22              
21              
21              
21              
20              
20              
19              
19              
18              
18              
18              
18              
18              
18              
19              
19              
19              
19              
19              
19              
19              
20              
19              
20              
20              
21              
21              
22              
23              
23              
24              
24              
24              
24              
24              
24              
23              
23              
22              
22              
21              
22              
22              
22              
21              
20              
20              
19              
19              
19              
18              
18              
18              
18              
18              
18              
18              
18              
18              
18              
18              
18              
18              
18              
18              
19              
19              
20              
20              
20              
21              
21              
21              
21              
21              
21              
21              
21              
21              
21              
21              
20              
20              
20              
19              
18              
18              
18              
18              
18              
18              
18              
18              
18              
18              
17              
17              
17              
17              
18              
18              
18              
19              
19              
20              
20              
20              
20              
19              
19              
19              
19              
19              
20              
19              
20              
19              
19              
19              
18              
18              
18              
17              
17              
16              
16              
16              
15              
15              
15              
15              
14              
14              
14              
15              
14              
15              
14              
14              
13              
13              
13              
13              
13              
13              
14              
14              
14              
14              
14              
14              
14              
14              
14              
13              
13              
13              
13              
13              
13              
13              
12              
12              
12              
11              
11              
11              
11              
10              
10              
10              
10              
10              
10              
9               
9               
9               
9               
9               
10              
10              
10              
10              
10              
10              
10              
9               
9               
9               
9               
9               
9               
9               
9               
9               
8               
8               
8               
7               
7               
7               
7               
7               
7               
7               
7               
7               
6               
6               
6               
6               
6               
6               
6               
6               
6               
6               
6               
6               
6               
6               
6               
6               
5               
5               
5               
5               
5               
5               
5               
5               
5               
5               
5               
5               
5               
4               
4               
4               
4               
4               
4               
4               
4               
4               
4               
3               
3               
3               
3               
3               
3               
3               
3               
3               
3               
3               
3               
3               
3               
3               
3               
3               
3               
3               
3               
3               
3               
3               
2               
2               
2               
2               
2               
2               
2               
2               
2               
2               
2               
2               
2               
2               
2               
2               
2               
2               
2               
2               
2               
2               
2               
2               
2               
2               
2               
2               
2               
2               
2               
2               
2               
2               
2               
2               
2               
2               
2               
2               
2               
3               
3               
3               
3               
3               
3               
3               
3               
3               
3               
3               
3               
3               
3               
3               
3               
3               
3               
3               
3               
3               
3               
3               
3               
3               
3               
3               
3               
3               
4               
4               
4               
4               
4               
4               
4               
4               
4               
4               
4               
4               
5               
5               
5               
5               
5               
5               
5               
5               
5               
5               
5               
5               
5               
5               
5               
5               
5               
5               
5               
5               
6               
6               
6               
6               
6               
6               
6               
6               
7               
7               
7               
7               
7               
8               
8               
8               
8               
8               
8               
8               
8               
8               
8               
8               
8               
8               
8               
8               
8               
8               
8               
8               
8               
8               
8               
8               
8               
7               
7               
7               
8               
8               
8               
8               
8               
8               
8               
8               
8               
8               
8               
8               
8               
9               
9               
9               
9               
9               
9               
9               
9               
9               
9               
9               
9               
9               
9               
9               
8               
8               
8               
8               
8               
8               
8               
9               
8               
8               
8               
8               
8               
7               
7               
7               
7               
7               
7               
7               
6               
6               
6               
6               
5               
5               
4               
4               
4               
3               
3               
3               
3               
2               
2               
2               
2               
2               
2               
2               
3               
3               
3               
3               
4               
4               
4               
4               
4               
4               
4               
4               
4               
4               
4               
4               
4               
4               
4               
4               
4               
4               
4               
4               
4               
4               
4               
4               
4               
4               
5               
5               
32              
32              
32              
32              
32              
32              
32              
32              
32              
32              
32              
32              
32              
32              
32              
32              
32              
32              
32              
32              
32              
32              
32              
32              
32              
32              
32              
32              
32              
32              
32              
32              
32              
32              
32              
32              
32              
32              
32              
32              
32              
32              
32              
32              
32              
32              
32              
32              
32              
32              
32              
32              
32              
32              
32              
32              
32              
32              
32              
32              
32              
32              
32              
32              
32              
32              
32              
32              
32              
32              
32              
32              
32              
32              
32              
32              
32              
32              
32              
32              
32              
32              
32              
32              
32              
32              
32              
32              
32              
32              
32              
32              
32              
32              
32              
32              
32              
32              
32              
32              
32              
32              
32              
32              
32              
32              
32              
32              
32              
32              
32              
32              
32              
32              
32              
32              
32              
32              
32              
32              
32              
32              
32              
32              
32              
32              
32              
32              
32              
32              
32              
32              
32              
32              
32              
32              
32              
32              
32              
32              
32              
32              
32              
32              
32              
32              
32              
32              
32              
32              
32              
32              
32              
32              
32              
32              
32              
32              
32              
32              
32              
32              
32              
32              
32              
32              
32              
32              
32              
32              
32              
32              
32              
32              
32              
32              
32              
32              
32              
32              
32              
32              
32              
32              
32              
32              
32              
32              
32              
32              
32              
32              
32              
32              
32              
32              
32              
32              
32              
32              
32              
32              
32              
32              
32              
32              
32              
32              
32              
32              
32              
32              
32              
32              
32              
32              
32              
32              
32              
32              
32              
32              
32              
32              
32              
32              
32              
32              
32              
32              
32              
32              
32              
32              
32              
32              
32              
32              
32              
32              
32              
32              
32              
32              
32              
32              
32              
32              
32              
32              
32              
32              
32              
32              
32              
32              
32              
32              
32              
32              
32              
32              
32              
32              
32              
32              
32              
32              
32              
32              
32              
32              
32              
32              
32              
32              
32              
32              
32              
32              
32              
32              
32              
32              
32              
32              
32              
32              
32              
32              
32              
32              
32              
32              
32              
32              
32              
32              
32              
32              
32              
32              
32              
32              
32              
32              
32              
32              
32              
32              
32              
32              
32              
32              
32              
32              
32              
32              
32              
32              
32              
32              
32              
32              
32              
32              
32              
32              
32              
32              
32              
32              
32              
32              
32              
32              
32              
32              
32              
32              
32              
32              
32              
32              
32              
32              
32              
32              
32              
32              
32              
32              
32              
32              
32              
32              
32              
32              
32              
32              
32              
32              
32              
32              
32              
32              
32              
32              
32              
32              
32              
32              
32              
32              
32              
32              
32              
32              
32              
32              
32              
32              
32              
32              
32              
32              
32              
32              
32              
32              
32              
32              
32              
32              
32              
32              
32              
32              
32              
32              
32              
32              
32              
32              
32              
32              
32              
32              
32              
32              
32              
32              
32              
32              
32              
32              
32              
32              
32              
32              
32              
32              
32              
32              
32              
32              
32              
32              
32              
32              
32              
32              
32              
32              
32              
32              
32              
32              
32              
32              
32              
32              
32              
32              
32              
32              
32              
32              
32              
32              
32              
32              
32              
32              
32              
32              
32              
32              
32              
32              
32              
32              
32              
32              
32              
32              
32              
32              
32              
32              
32              
32              
32              
32              
32              
32              
32              
32              
32              
32              
32              
32              
32              
32              
32              
32              
32              
32              
32              
32              
32              
32              
32              
32              
32              
32              
32              
32              
32              
32              
32              
32              
32              
32              
32              
32              
32              
32              
32              
32              
32              
32              
32              
32              
32              
32              
32              
32              
32              
32              
32              
32              
32              
32              
32              
32              
32              
32              
32              
32              
32              
32              
32              
32              
32              
32              
32              
32              
32              
32              
32              
32              
32              
32              
32              
32              
32              
32              
32              
32              
32              
32              
32              
32              
32              
32              
32              
32              
32              
32              
32              
32              
32              
32              
32              
32              
32              
32              
32              
32              
32              
32              
32              
32              
32              
32              
32              
32              
32              
32              
32              
32              
32              
32              
32              
32              
32              
32              
32              
32              
32              
32              
32              
32              
32              
32              
32              
32              
32              
32              
32              
32              
32              
32              
32              
32              
32              
32              
32              
32              
32              
32              
32              
32              
32              
32              
32              
32              
32              
32              
32              
32              
32              
32              
32              
32              
32              
32              
32              
32              
32              
32              
32              
32              
32              
32              
32              
32              
32              
32              
32              
32              
32              
32              
32              
32              
32              
32              
32              
32              
32              
32              
32              
32              
32              
32              
32              
32              
32              
32              
32              
32              
32              
32              
32              
32              
32              
32              
32              
32              
32              
32              
32              
32              
32              
32              
32              
32              
32              
32              
32              
32              
32              
32              
32              
32              
32              
32              
32              
32              
32              
32              
32              
32              
32              
32              
32              
32              
32              
32              
32              
32              
32              
32              
32              
32              
32              
32              
32              
32              
32              
32              
32              
32              
32              
32              
32              
32              
32              
32              
32              
32              
32              
32              
32              
32              
32              
32              
32              
32              
32              
32              
32              
32              
32              
32              
32              
32              
32              
32              
32              
32              
32              
32              
32              
32              
32              
32              
32              
32              
32              
32              
32              
32              
32              
32              
32              
32              
32              
32              
32              
32              
32              
32              
32              
32              
32              
32              
32              
32              
32              
32              
32              
32              
32              
32              
32              
32              
32              
32              
32              
32              
32              
32              
32              
32              
32              
32              
32              
32              
32              
32              
32              
32              
32              
32              
32              
32              
32              
32              
32              
32              
32              
32              
32              
32              
32              
32              
32              
32              
32              
32              
32              
32              
32              
32              
32              
32              
32              
32              
32              
32              
32              
32              
32              
32              
32              
32              
32              
32              
32              
32              
32              
32              
32              
32              
32              
32              
32              
32              
32              
32              
32              
32              
32              
32              
32              
32              
32              
32              
32              
32              
32              
32              
32              
32              
32              
32              
32              
32              
32              
32              
32              
32              
32              
32              
32              
32              
32              
32              
32              
32              
32              
32              
32              
32              
32              
32              
32              
32              
32              
32              
32              
32              
32              
32              
32              
32              
32              
32              
32              
32              
32              
32              
32              
32              
32              
32              
32              
32              
32              
32              
32              
32              
32              
32              
32              
32              
32              
32              
32              
32              
32              
32              
32              
32              
32              
32              
32              
32              
32              
32              
32              
32              
32              
32              
32              
32              
32              
32              
32              
32              
32              
32              
32              
32              
32              
32              
32              
32              
32              
32              
32              
32              
32              
32              
32              
32              
32              
32              
32              
32              
32              
32              
32              
32              
32              
32              
32              
32              
32              
32              
32              
32              
32              
32              
32              
32              
32              
32              
32              
32              
32              
32              
32              
32              
32              
32              
32              
32              
32              
32              
32              
32              
32              
32              
32              
32              
32              
32              
32              
32              
32              
32              
32              
32              
32              
32              
32              
32              
32              
32              
32              
32              
32              
32              
32              
32              
32              
32              
32              
32              
32              
32              
32              
32              
32              
32              
32              
32              
32              
32              
32              
32              
32              
32              
32              
32              
32              
32              
32              
32              
32              
32              
32              
32              
32              
32              
32              
32              
32              
32              
32              
32              
32              
32              
32              
32              
32              
32              
32              
32              
32              
32              
32              
32              
32              
32              
32              
32              
32              
32              
32              
32              
32              
32              
32              
32              
32              
32              
32              
32              
32              
32              
32              
32              
32              
32              
32              
32              
32              
32              
32              
32              
32              
32              
32              
32              
32              
32              
32              
32              
32              
32              
32              
32              
32              
32              
32              
32              
32              
32              
32              
32              
32              
32              
32              
32              
32              
32              
32              
32              
32              
32              
32              
32              
32              
32              
32              
32              
32              
32              
32              
32              
32              
32              
32              
32              
32              
32              
32              
32              
32              
32              
32              
32              
32              
32              
32              
32              
32              
32              
32              
32              
32              
32              
32              
32              
32              
32              
32              
32              
32              
32              
32              
32              
32              
32              
32              
32              
0               
70              
70              
-6              
-6              
-48             
-48             
0               
32767           
33              
40              
100             
1               
-1              
-1              
14745           
-6              
0               
-60             
-62             
-67             
-72             
-75             
-76             
-78             
-81             
-83             
-83             
-84             
-86             
-86             
-87             
-87             
-88             
-89             
-89             
-90             
-90             
-91             
-89             
-90             
-91             
-92             
-92             
-93             
-93             
-93             
-93             
-93             
-93             
-93             
-94             
-93             
-94             
-94             
-94             
-95             
-95             
-95             
-95             
-96             
-95             
-96             
-96             
-97             
-98             
-97             
-96             
-96             
-97             
-97             
-98             
-97             
-97             
-97             
-96             
-97             
-97             
-97             
-97             
-97             
-98             
-98             
-98             
-98             
-98             
-98             
-99             
-99             
-99             
-99             
-98             
-99             
-98             
-99             
-98             
-99             
-98             
-99             
-100            
-99             
-99             
-99             
-99             
-99             
-99             
-99             
-100            
-100            
-100            
-100            
-100            
-100            
-100            
-100            
-100            
-101            
-100            
-100            
-101            
-100            
-101            
-100            
-99             
-99             
-100            
-99             
-99             
-100            
-100            
-100            
-100            
-100            
-100            
-100            
-100            
-100            
-101            
-100            
-100            
-101            
-101            
-101            
-101            
-100            
-100            
-100            
-101            
-101            
-101            
-101            
-102            
-101            
-100            
-102            
-102            
-102            
-101            
-101            
-101            
-101            
-102            
-101            
-101            
-101            
-101            
-101            
-101            
-102            
-101            
-102            
-101            
-102            
-102            
-101            
-102            
-101            
-101            
-101            
-102            
-101            
-101            
-101            
-102            
-101            
-101            
-103            
-102            
-100            
-101            
-102            
-101            
-101            
-101            
-101            
-101            
-102            
-100            
-101            
-101            
-101            
-101            
-100            
-101            
-101            
-101            
-99             
-101            
-101            
-101            
-99             
-101            
-102            
-100            
-99             
-99             
-101            
-101            
-99             
-97             
-100            
-101            
-100            
-98             
-101            
-102            
-101            
-100            
-101            
-101            
-101            
-101            
-101            
-101            
-101            
-100            
-98             
-101            
-100            
-100            
-99             
-100            
-100            
-101            
-100            
-99             
-100            
-100            
-99             
-99             
-100            
-99             
-100            
-100            
-100            
-101            
-100            
-99             
-99             
-99             
-100            
-99             
-99             
-100            
-99             
-98             
-98             
-99             
-98             
-99             
-98             
-98             
-98             
-97             
-97             
-97             
-97             
-96             
-95             
-96             
-97             
-95             
-96             
-94             
-96             
-97             
-95             
-96             
-96             
-96             
-96             
-98             
-97             
-96             
-96             
-97             
-96             
-96             
-98             
-98             
-98             
-98             
-98             
-99             
-98             
-99             
-99             
-100            
-99             
-99             
-100            
-100            
-100            
-100            
-100            
-101            
-100            
-100            
-100            
-99             
-100            
-101            
-101            
-101            
-100            
-100            
-101            
-102            
-101            
-101            
-101            
-101            
-102            
-102            
-101            
-102            
-102            
-102            
-102            
-102            
-102            
-102            
-103            
-102            
-101            
-101            
-102            
-102            
-102            
-102            
-102            
-103            
-103            
-102            
-102            
-103            
-101            
-103            
-103            
-103            
-102            
-102            
-103            
-103            
-102            
-102            
-102            
-104            
-103            
-102            
-104            
-103            
-103            
-102            
-102            
-103            
-103            
-103            
-103            
-103            
-103            
-103            
-103            
-102            
-102            
-103            
-102            
-103            
-103            
-103            
-103            
-102            
-103            
-103            
-103            
-103            
-103            
-102            
-103            
-103            
-103            
-104            
-103            
-103            
-103            
-103            
-104            
-103            
-103            
-103            
-103            
-103            
-104            
-103            
-103            
-103            
-104            
-103            
-103            
-104            
-102            
-102            
-103            
-103            
-103            
-103            
-103            
-104            
-103            
-103            
-102            
-102            
-102            
-102            
-102            
-102            
-103            
-103            
-103            
-103            
-104            
-104            
-102            
-102            
-103            
-103            
-105            
-104            
-103            
-103            
-102            
-103            
-103            
-103            
-103            
-103            
-103            
-103            
-103            
-104            
-102            
-103            
-104            
-103            
-103            
-103            
-103            
-104            
-103            
-103            
-102            
-103            
-102            
-103            
-104            
-104            
-104            
-103            
-103            
-103            
-103            
-103            
-103            
-104            
-104            
-103            
-103            
-103            
-102            
-103            
-103            
-103            
-103            
-103            
-103            
-103            
-103            
-103            
-104            
-103            
-103            
-103            
-103            
-103            
-102            
-103            
-103            
-104            
-103            
-102            
-103            
-102            
-103            
-104            
-103            
-103            
-103            
-102            
-102            
-102            
-102            
-102            
-102            
-102            
-103            
-103            
-105            
-105            
-105            
-106            
-107            
-58             
-61             
-67             
-71             
-75             
-75             
-78             
-80             
-82             
-82             
-84             
-85             
-86             
-86             
-86             
-88             
-87             
-88             
-88             
-89             
-88             
-88             
-91             
-91             
-91             
-91             
-91             
-92             
-92             
-91             
-92             
-93             
-94             
-94             
-94             
-93             
-94             
-94             
-94             
-94             
-96             
-96             
-95             
-95             
-96             
-95             
-95             
-96             
-96             
-96             
-96             
-96             
-97             
-97             
-97             
-97             
-96             
-97             
-97             
-97             
-97             
-97             
-98             
-97             
-97             
-98             
-98             
-98             
-97             
-98             
-98             
-99             
-98             
-98             
-98             
-98             
-98             
-99             
-99             
-98             
-98             
-98             
-98             
-99             
-99             
-100            
-100            
-100            
-100            
-99             
-99             
-99             
-100            
-99             
-99             
-99             
-100            
-100            
-101            
-101            
-100            
-100            
-100            
-100            
-100            
-101            
-101            
-100            
-100            
-99             
-100            
-100            
-101            
-101            
-100            
-99             
-101            
-101            
-101            
-101            
-100            
-100            
-100            
-101            
-100            
-101            
-100            
-100            
-101            
-101            
-101            
-101            
-100            
-101            
-101            
-101            
-102            
-102            
-101            
-100            
-101            
-102            
-101            
-101            
-102            
-102            
-101            
-101            
-102            
-102            
-101            
-102            
-102            
-102            
-101            
-101            
-102            
-102            
-102            
-102            
-101            
-102            
-101            
-101            
-101            
-101            
-102            
-102            
-102            
-102            
-102            
-101            
-102            
-102            
-101            
-99             
-101            
-103            
-102            
-101            
-102            
-102            
-103            
-102            
-101            
-102            
-101            
-101            
-101            
-102            
-102            
-102            
-100            
-101            
-102            
-102            
-99             
-100            
-102            
-102            
-100            
-98             
-103            
-101            
-102            
-102            
-102            
-102            
-102            
-102            
-103            
-102            
-102            
-102            
-101            
-102            
-102            
-102            
-102            
-102            
-102            
-103            
-101            
-103            
-103            
-103            
-102            
-102            
-102            
-103            
-102            
-102            
-102            
-102            
-101            
-102            
-102            
-101            
-102            
-101            
-102            
-102            
-102            
-102            
-102            
-102            
-102            
-102            
-102            
-103            
-103            
-102            
-102            
-102            
-102            
-103            
-102            
-102            
-102            
-102            
-102            
-103            
-103            
-103            
-102            
-102            
-102            
-102            
-101            
-102            
-102            
-102            
-102            
-102            
-102            
-101            
-101            
-101            
-102            
-101            
-102            
-103            
-103            
-102            
-101            
-101            
-102            
-101            
-101            
-101            
-100            
-100            
-101            
-102            
-101            
-101            
-102            
-103            
-102            
-101            
-101            
-101            
-101            
-101            
-101            
-100            
-100            
-100            
-101            
-100            
-100            
-101            
-100            
-101            
-100            
-100            
-100            
-100            
-100            
-100            
-99             
-99             
-100            
-100            
-99             
-99             
-99             
-98             
-100            
-100            
-99             
-100            
-100            
-99             
-98             
-98             
-98             
-99             
-97             
-98             
-98             
-97             
-97             
-97             
-97             
-96             
-96             
-97             
-96             
-97             
-95             
-96             
-95             
-96             
-95             
-95             
-95             
-96             
-96             
-96             
-96             
-95             
-95             
-95             
-95             
-95             
-96             
-96             
-96             
-97             
-97             
-97             
-97             
-98             
-98             
-98             
-98             
-98             
-98             
-99             
-99             
-99             
-100            
-99             
-99             
-99             
-100            
-101            
-99             
-99             
-100            
-100            
-100            
-100            
-101            
-101            
-100            
-100            
-100            
-100            
-101            
-100            
-100            
-101            
-101            
-102            
-101            
-102            
-102            
-102            
-101            
-102            
-102            
-101            
-101            
-102            
-103            
-103            
-102            
-102            
-103            
-102            
-102            
-101            
-101            
-100            
-102            
-102            
-102            
-102            
-103            
-102            
-102            
-103            
-102            
-102            
-103            
-102            
-102            
-102            
-102            
-103            
-103            
-102            
-102            
-102            
-102            
-102            
-103            
-102            
-102            
-102            
-103            
-102            
-103            
-102            
-102            
-102            
-102            
-102            
-102            
-102            
-103            
-104            
-103            
-103            
-102            
-103            
-103            
-102            
-102            
-103            
-103            
-104            
-104            
-102            
-102            
-104            
-103            
-102            
-102            
-102            
-103            
-102            
-102            
-103            
-103            
-103            
-102            
-102            
-102            
-103            
-103            
-103            
-103            
-103            
-103            
-102            
-103            
-103            
-103            
-102            
-103            
-102            
-102            
-103            
-103            
-104            
-104            
-105            
-105            
-106            
-107            
0               
1638            
655             
9830            
300             
300             
0               
-15             
0               
-4              
0               
-15             
0               
6               
-20             
-3              
2344            
4687            
0               
0               
0               
32767           
0               
-20             
1               
0               
20              
0               
20              
5               
3584            
158             
150             
2560            
453             
200             
0               
1024            
100             
0               
2000            
100             
3072            
7500            
50              
0               
20              
96              
0               
20              
96              
0               
20              
96              
0               
20              
96              
0               
20              
96              
2               
0               
200             
100             
-16             
2000            
100             
-16             
1               
1               
1               
20              
3               
0               
20              
0               
0               
10              
2000            
-85             
-80             
0               
0               
0               
-96             
-80             
0               
0               
0               
0               
0               
1               
700             
2               
0               
20              
0               
0               
2000            
2000            
-96             
0               
0               
0               
0               
-96             
0               
0               
0               
0               
1               
0               
1               
20              
2               
1               
20              
0               
0               
10000           
10000           
-96             
0               
0               
0               
0               
-96             
0               
0               
0               
0               
1               
0               
1               
20              
2               
1               
20              
0               
0               
10000           
10000           
-96             
0               
0               
0               
0               
-96             
0               
0               
0               
0               
1               
0               
1               
20              
2               
1               
20              
0               
0               
10000           
10000           
-96             
0               
0               
0               
0               
-96             
0               
0               
0               
0               
1               
0               
1               
20              
5               
0               
20              
0               
0               
300             
10000           
-96             
-38             
-21             
-2              
0               
-96             
-38             
-21             
-21             
-21             
0               
0               
1               
-1              
13              
0               
27233           
20              
0               
0               
0               
0               
0               
0               
0               
0               
165             
0               
0               
0               
0               
0               
0               
0               
0               
1               
2               
1               
-20             
-20             
-40             
-20             
-76             
-31             
0               
15              
96              
86              
6826            
6826            
6826            
6826            
6826            
6826            
6826            
6826            
6826            
6826            

// Volume 0
